0 162.0 61.0 0
1 174.0 83.0 1
2 182.0 65.0 0
3 164.0 76.0 1
4 177.0 68.0 0
5 186.0 103.0 1
6 166.0 54.0 0
7 173.0 93.0 1
8 190.0 86.0 0
9 168.0 80.0 1
10 176.0 56.0 0
11 175.0 79.0 1
12 170.0 58.0 0
13 179.0 86.0 1
14 165.0 50.0 0
15 172.0 84.0 1
16 182.0 75.0 0
17 169.0 84.0 1
18 174.0 51.0 0
19 166.0 73.0 0
20 173.0 58.0 0
21 176.0 86.0 1
22 169.0 62.0 0
23 177.0 92.0 1
24 178.0 68.0 0
25 172.0 90.0 1
26 181.0 79.0 0
27 180.0 90.0 1
28 168.0 50.0 0
29 185.0 98.0 1
30 163.0 53.0 0
31 171.0 89.0 1
32 189.0 76.0 0
33 165.0 75.0 1
34 174.0 69.0 0
35 179.0 92.0 1
36 167.0 46.0 0
37 177.0 82.0 1
38 164.0 51.0 1
39 169.0 77.0 1
40 180.0 64.0 0
41 168.0 81.0 1
42 171.0 63.0 0
43 183.0 99.0 1
44 172.0 59.0 0
45 173.0 81.0 1
46 186.0 70.0 0
47 176.0 87.0 1
48 175.0 67.0 0
49 163.0 79.0 1
50 180.0 69.0 0
51 177.0 96.0 1
52 166.0 63.0 0
53 184.0 95.0 1
54 179.0 60.0 0
55 169.0 72.0 1
56 174.0 63.0 0
57 162.0 81.0 0
58 172.0 58.0 0
59 178.0 89.0 1
60 164.0 58.0 0
61 175.0 89.0 1
62 182.0 60.0 0
63 166.0 72.0 1
64 178.0 64.0 0
65 186.0 95.0 1
66 168.0 62.0 0
67 181.0 95.0 1
68 171.0 62.0 0
69 170.0 87.0 1
70 177.0 63.0 0
71 175.0 84.0 1
72 172.0 55.0 0
73 180.0 92.0 1
74 179.0 70.0 0
75 174.0 91.0 1
76 164.0 52.0 1
77 169.0 78.0 1
78 176.0 72.0 0
79 167.0 79.0 1
80 173.0 53.0 0
81 178.0 82.0 1
82 170.0 58.0 0
83 177.0 97.0 1
84 180.0 65.0 0
85 173.0 85.0 1
86 181.0 74.0 0
87 163.0 78.0 1
88 176.0 64.0 0
89 185.0 92.0 1
90 165.0 50.0 0
91 172.0 82.0 1
92 189.0 82.0 0
93 167.0 82.0 1
94 175.0 65.0 0
95 174.0 92.0 0
96 169.0 54.0 0
97 178.0 88.0 1
98 164.0 46.0 0
99 171.0 73.0 1
100 181.0 71.0 0
101 168.0 86.0 1
102 173.0 60.0 0
103 184.0 94.0 1
104 172.0 67.0 0
105 175.0 88.0 1
106 168.0 47.0 0
107 176.0 81.0 1
108 177.0 64.0 0
109 171.0 92.0 1
110 180.0 75.0 0
111 179.0 92.0 1
112 167.0 59.0 0
113 184.0 100.0 1
114 162.0 49.0 1
115 170.0 78.0 1
116 188.0 72.0 0
117 164.0 75.0 1
118 173.0 65.0 0
119 178.0 94.0 1
120 166.0 55.0 0
121 176.0 84.0 1
122 182.0 66.0 0
123 168.0 79.0 1
124 179.0 60.0 0
125 167.0 70.0 1
126 170.0 59.0 0
127 182.0 101.0 1
128 171.0 57.0 0
129 172.0 83.0 1
130 185.0 79.0 0
131 175.0 89.0 1
132 174.0 63.0 0
133 162.0 68.0 0
134 179.0 65.0 0
135 176.0 98.0 1
136 165.0 59.0 0
137 183.0 97.0 1
138 178.0 69.0 0
139 168.0 85.0 1
140 173.0 59.0 0
141 180.0 89.0 1
142 171.0 54.0 0
143 177.0 78.0 1
144 163.0 54.0 0
145 174.0 91.0 1
146 181.0 69.0 0
147 165.0 74.0 1
148 177.0 60.0 0
149 185.0 97.0 1
150 167.0 47.0 0
151 180.0 84.0 1
152 170.0 58.0 1
153 169.0 89.0 1
154 176.0 72.0 0
155 174.0 86.0 1
156 171.0 64.0 0
157 179.0 94.0 1
158 178.0 66.0 0
159 173.0 80.0 1
160 182.0 67.0 0
161 168.0 91.0 1
162 175.0 68.0 0
163 166.0 81.0 1
164 172.0 62.0 0
165 177.0 84.0 1
166 169.0 54.0 0
167 176.0 86.0 1
168 179.0 61.0 0
169 172.0 74.0 1
170 180.0 70.0 0
171 162.0 80.0 0
172 175.0 62.0 0
173 184.0 94.0 1
174 164.0 46.0 0
175 171.0 84.0 1
176 188.0 78.0 0
177 166.0 71.0 1
178 174.0 61.0 0
179 192.0 113.0 1
180 168.0 63.0 0
181 177.0 90.0 1
182 163.0 55.0 0
183 170.0 86.0 1
184 180.0 67.0 0
185 167.0 75.0 1
186 172.0 56.0 0
187 183.0 96.0 1
188 171.0 63.0 0
189 174.0 90.0 1
190 167.0 56.0 1
191 175.0 83.0 1
192 176.0 60.0 0
193 170.0 81.0 1
194 179.0 60.0 0
195 178.0 81.0 1
196 166.0 55.0 0
197 183.0 102.0 1
198 180.0 77.0 0
199 169.0 80.0 1
